23.0
29.0
31.0
31.0
38.5
45.0
33.0
41.0
45.0
50.0
29.0
41.0
27.0
19.0
21.0
26.0
26.0
25.0
26.0
25.0
27.0
19.0
31.0
19.0
25.2
21.5
29.0
23.0
26.0
26.0
33.2
26.0
23.0
25.0
27.0
25.0
21.0
27.0
16.0
23.0
23.0
35.0
35.0
29.0
43.0
33.0
22.0
20.0
22.0
23.0
22.0
33.0
25.0
24.0
21.0
24.0
22.0
29.5
25.0
37.0
28.0
30.0
26.0
26.0
30.0
26.0
26.0
23.0
32.0
23.0
26.0
26.0
24.0
22.5
29.0
25.0
22.0
23.0
27.0
26.0
25.0
22.0
24.0
28.0
17.0
23.5
30.0
21.0
30.0
32.0
35.0
28.0
31.0
23.0
23.0
29.0
25.0
21.0
24.5
22.0
26.0
24.0
39.0
21.4
25.9
27.2
33.0
26.0
17.0
29.0
26.0
35.0
34.0
23.0
51.0
51.0
18.0
25.0
23.0
24.0
37.0
34.0
26.0
22.0
30.0
30.0
30.6
23.0
21.0
24.0
27.5
16.0
21.0
20.0
27.0
27.0
26.0
29.0
19.0
23.0
37.0
22.0
24.0
26.0
26.0
29.0
25.0
35.0
29.0
21.0
37.6
39.0
26.0
27.0
19.0
17.0
23.0
25.0
33.0
24.0
29.0
36.0
36.0
35.0
24.0
29.0
30.0
28.0
30.0
24.0
28.0
29.0
35.0
23.0
29.0
33.0
30.0
22.0
21.0
27.0
25.0
23.0
22.0
25.0
20.0
23.0
20.0
26.5
21.5
21.0
28.0
24.0
26.0
27.0
41.0
20.0
27.0
23.0
26.5
28.6
26.6
30.0
25.0
22.0
20.0
23.0
21.0
28.0
22.0
26.0
27.0
20.2
26.0
31.5
29.0
26.0
26.0
29.0
19.0
20.0
32.0
37.0
37.0
29.7
32.9
33.0
28.0
26.0
21.0
20.5
33.0
33.0
27.0
22.0
20.0
26.0
29.0
25.0
26.0
38.0
30.0
23.0
30.0
21.0
31.0
27.0
29.0
31.0
29.0
31.0
23.0
19.0
27.0
26.0
31.5
31.0
19.0
31.0
24.0
28.0
24.0
18.0
26.3
27.0
22.9
24.3
22.0
32.5
24.0
29.0
32.0
23.0
34.0
31.0
23.0
20.0
23.0
25.5
37.0
37.0
40.0
34.0
23.0
26.0
29.0
38.0
25.0
34.0
23.0
27.0
26.0
21.0
22.0
27.0
24.0
29.0
38.0
34.0
30.5
29.0
32.0
19.0
43.0
21.0
22.0
42.0
40.0
34.0
44.0
44.0
31.0
21.0
28.0
24.1
38.0
26.0
28.0
31.0
21.0
22.0
28.0
26.5
22.0
23.0
23.0
19.0
22.0
29.0
22.0
22.0
42.0
38.0
39.5
22.0
22.0
25.0
32.0
32.0
30.0
32.0
31.0
23.0
24.6
23.0
24.0
30.0
27.0
37.0
22.0
32.0
25.0
35.0
36.0
37.0
34.5
29.0
28.0
29.0
31.0
22.0
22.0
24.0
30.0
49.0
43.0
21.0
27.0
34.0
28.0
24.0
26.0
28.0
24.0
26.0
25.0
38.0
31.0
21.0
16.0
31.0
27.0
32.0
29.0
26.0
30.0
23.0
25.5
36.0
31.0
23.0
24.0
25.0
21.0
21.0
23.0
30.0
27.0
20.0
27.0
34.0
26.4
24.0
28.0
35.0
21.0
24.0
21.0
23.0
35.0
34.0
24.0
21.0
20.0
26.0
36.0
34.0
30.6
25.1
28.0
47.0
30.0
27.0
24.0
21.0
26.0
27.5
23.0
21.8
30.0
28.0
29.0
31.0
20.0
18.0
19.0
20.0
38.0
28.0
28.0
21.0
28.0
40.0
31.0
26.0
21.0
27.0
24.0
25.0
35.0
27.0
27.0
32.0
19.0
23.0
22.0
18.0
25.0
27.3
33.0
30.0
38.0
27.0
26.0
33.0
35.5
27.0
31.0
30.0
35.0
35.5
32.0
33.0
26.0
28.5
35.5
33.0
28.0
37.5
40.0
38.6
33.0
22.0
33.0
24.5
26.0
24.0
33.0
28.0
31.0
27.0
24.0
24.0
29.0
27.0
30.0
19.0
34.0
28.0
22.0
23.0
28.0
28.0
21.0
17.0
23.0
24.0
24.0
24.0
18.0
43.0
34.0
31.0
27.0
22.0
31.0
27.0
25.5
30.0
26.0
24.0
25.0
32.0
28.0
23.0
24.5
21.0
47.0
46.0
49.0
49.0
50.0
46.0
41.0
38.0
34.0
33.0
34.0
27.0
32.0
33.0
34.0
35.0
39.0
30.0
24.0
21.0
